 5 27 2015  7 40  8 0  32.3790000 -64.6799667     11.43600      0.00000  1.81     0.03600  1.05   0.00  8 4 -99.99999 -99.99999 999
 5 28 2015 13 45 43 0  31.5999667 -64.3547833      4.56000      0.00000  8.38     1.22400  6.15 150.28  4 4 -99.99999 -99.99999 999
 5 28 2015 14 34 10 0  31.6004667 -64.3602667     14.04900      0.17000  1.35     0.25200  0.83 249.48 11 4 -99.99999 -99.99999 999
 5 28 2015 15 31 42 0  31.6053667 -64.3657833      7.09300     -0.07000  1.44     0.72000  0.81 287.53 11 4 -99.99999 -99.99999 999
 5 28 2015 16 38 28 0  31.6033000 -64.3764167      6.81000     -0.17000  1.30     1.80000  1.01 263.55  9 4 -99.99999 -99.99999 999
 5 28 2015 18  5 39 0  31.5966167 -64.3857167      1.42200      0.01000 12.41     0.90000  6.06 254.06  4 4 -99.99999 -99.99999 999
 5 28 2015 20  7 50 0  31.5888500 -64.3999667      4.71300      0.00000  3.80     1.76400  2.67 146.06  4 4 -99.99999 -99.99999 999
 5 28 2015 23 16 12 0  31.5760333 -64.4196000      0.28100     -0.18000 10.90     1.90800  9.19 213.03  4 4 -99.99999 -99.99999 999
 5 29 2015  0 18  3 0  31.5715500 -64.4258333      2.00700      0.00000  3.69     2.08800  3.85 162.40  4 4 -99.99999 -99.99999 999
 5 29 2015  1  8 40 0  31.5674833 -64.4306833     -2.85200      0.00000  9.75     1.51200  4.93 137.57  4 4 -99.99999 -99.99999 999
 5 29 2015  6 29  0 0  31.5420833 -64.4656500      4.33000      0.00000  3.12     2.55600 10.23 163.18  4 4 -99.99999 -99.99999 999
 5 29 2015 11 17 55 0  31.5220000 -64.4979500      9.30700     -0.04000  3.88     1.76400  2.04 212.72  5 4 -99.99999 -99.99999 999
 5 29 2015 11 27  0 0  31.5213500 -64.4972500      8.33600     -0.18000  1.80     0.64800  1.11 276.67  9 4 -99.99999 -99.99999 999
 5 29 2015 12 34 23 0  31.5703167 -64.4252333     12.44900     -0.38000  1.15    12.63600  0.75  52.70 12 4 -99.99999 -99.99999 999
 5 29 2015 13 26  9 0  31.6341167 -64.3362167      9.06200      0.45000  1.05    11.52000  0.73  50.71 12 4 -99.99999 -99.99999 999
 5 29 2015 14 40  3 0  31.7213500 -64.2122000     12.55200     -0.05000  1.84    12.31200  1.12  57.98  8 4 -99.99999 -99.99999 999
 5 29 2015 15 25  9 0  31.8063000 -64.2551167     15.30000     -0.07000  1.46    15.44400  0.82 322.69 10 4 -99.99999 -99.99999 999
 5 29 2015 16 23 27 0  31.9272000 -64.3342000      8.38100      0.45000  2.21    15.37200  1.33 336.62  8 4 -99.99999 -99.99999 999
 5 29 2015 17 31 49 0  32.0622000 -64.4289833      5.67500      0.45000  1.79    15.30000  1.15 323.81  8 4 -99.99999 -99.99999 999
 5 29 2015 18 30 15 0  32.2022000 -64.5203000     14.87000     -0.02000  1.73    19.00800  0.96 329.82  9 4 -99.99999 -99.99999 999
 5 29 2015 19 23 56 0  32.3292500 -64.5899000      7.14300      0.01000  1.62    18.39600  0.87 339.49 10 4 -99.99999 -99.99999 999
