 5 27 2015  2 21 17 0  32.3788833 -64.6799500      6.16800     -0.12000  5.53     0.36000  5.40   6.03  4 4 -99.99999 -99.99999 999
 5 27 2015  3 18  5 0  32.3789667 -64.6799167     14.72100     -0.01000  1.15     0.03600  0.73   0.00 13 4 -99.99999 -99.99999 999
 5 27 2015  4 29 17 0  32.3789333 -64.6799000     16.95800      0.01000  3.24     0.14400  2.17   0.00  4 4 -99.99999 -99.99999 999
 5 27 2015  5 29 22 0  32.3790000 -64.6798833     23.79300      0.10000  4.92     0.18000  3.82   0.00  5 4 -99.99999 -99.99999 999
 5 27 2015  8 10 49 0  32.3790000 -64.6798833     28.15200     -0.09000  2.40     0.10800  1.28 231.56  7 4 -99.99999 -99.99999 999
 5 27 2015  9  0  3 0  32.3790500 -64.6799167     17.50600     -0.19000  2.26     0.28800  1.72   0.00  5 4 -99.99999 -99.99999 999
 5 27 2015  9 20 54 0  32.3790000 -64.6799167     29.62300      0.00000  1.72     0.03600  1.65  89.29  6 4 -99.99999 -99.99999 999
 5 27 2015 10 18 39 0  32.3789333 -64.6799333     36.91600      0.02000  2.04     0.03600  0.96   0.00 10 4 -99.99999 -99.99999 999
 5 27 2015 11 18 28 0  32.3803000 -64.6453000     13.70200     -0.57000  1.06    11.59200  0.89  84.11  9 4 -99.99999 -99.99999 999
 5 27 2015 12 19 44 0  32.2397000 -64.5488000     15.44300      0.67000  1.06    19.40400  0.81 155.43 10 4 -99.99999 -99.99999 999
 5 27 2015 13 18 28 0  32.0967500 -64.4580000     18.54000      0.23000  1.58    19.54800  0.95 157.06  9 4 -99.99999 -99.99999 999
 5 27 2015 14 17 52 0  31.9562000 -64.3615667     11.54900     -0.79000  1.50    18.14400  0.86 149.65  9 4 -99.99999 -99.99999 999
 5 27 2015 15 17 40 0  31.8177333 -64.2717333     11.57100      0.18000  1.82    17.71200  0.85 150.65  8 4 -99.99999 -99.99999 999
 5 27 2015 16 17 52 0  31.6703500 -64.1908167      8.52000      0.67000  1.20    18.25200  0.78 151.71 10 4 -99.99999 -99.99999 999
 5 27 2015 17 18 20 0  31.6736000 -64.1740333      5.07500      0.00000  1.61     1.54800  0.94 342.14 10 4 -99.99999 -99.99999 999
 5 27 2015 18 17  2 0  31.6835000 -64.1783167     10.02300      0.76000  1.68     2.41200  0.91  52.50  9 4 -99.99999 -99.99999 999
 5 27 2015 19 16 49 0  31.6944000 -64.1815667      4.85200      0.37000  1.36     1.98000  0.74 313.94 12 4 -99.99999 -99.99999 999
 5 27 2015 20 43 18 0  31.6859833 -64.2014667      6.65200     -0.02000  1.45     0.72000  1.25 240.00  9 4 -99.99999 -99.99999 999
 5 27 2015 21 27 32 0  31.6817000 -64.2084667      5.44500     -0.03000  1.94     2.73600  1.34 216.18  8 4 -99.99999 -99.99999 999
 5 27 2015 22 16 12 0  31.6777833 -64.2168833      6.20100      0.63000  1.73     0.68400  0.89 235.35 12 4 -99.99999 -99.99999 999
 5 27 2015 23 15 59 0  31.6712667 -64.2265667      5.58800     -0.44000  1.52     2.55600  1.15 207.78  9 4 -99.99999 -99.99999 999
 5 28 2015  0 17 43 0  31.6645167 -64.2368167     11.28100     -0.28000  1.17     2.48400  0.98 179.21 10 4 -99.99999 -99.99999 999
 5 28 2015  1 15 35 0  31.6586667 -64.2460500      3.49300      0.29000  1.37     1.58400  0.78 291.30 11 4 -99.99999 -99.99999 999
 5 28 2015  2 16 40 0  31.6526167 -64.2555833      3.86100     -0.83000  1.21     1.47600  0.83 207.41 12 4 -99.99999 -99.99999 999
 5 28 2015  3 15 10 0  31.6468833 -64.2645833      3.81600     -0.86000  1.15     1.51200  0.74 206.77 12 4 -99.99999 -99.99999 999
 5 28 2015  4 14 58 0  31.6406667 -64.2736833      6.20100     -0.85000  1.14     2.05200  0.75 213.03 13 4 -99.99999 -99.99999 999
 5 28 2015  5 15 11 0  31.6342500 -64.2833167      5.87700     -0.42000  1.33     1.98000  0.93 226.51 11 4 -99.99999 -99.99999 999
 5 28 2015  6 14 33 0  31.6283167 -64.2928333      3.57600     -0.27000  1.47     1.47600  1.00 229.34 10 4 -99.99999 -99.99999 999
 5 28 2015  7 14 21 0  31.6231333 -64.3022833      3.21700     -0.26000  1.21     1.40400  0.74 235.75 12 4 -99.99999 -99.99999 999
 5 28 2015  8 14  9 0  31.6182500 -64.3113667      3.43400     -0.01000  1.61     1.29600  0.93 252.32  9 4 -99.99999 -99.99999 999
 5 28 2015  9 13 57 0  31.6130667 -64.3202833      6.46300     -0.56000  1.18     2.77200  0.79 289.45 11 4 -99.99999 -99.99999 999
 5 28 2015 10 13 44 0  31.6079333 -64.3295833      3.42200      0.48000  2.04     3.20400  0.94 269.21 10 4 -99.99999 -99.99999 999
 5 28 2015 11 13 32 0  31.6027167 -64.3395333      5.27500      0.20000  1.04     1.04400  0.80 180.82 10 4 -99.99999 -99.99999 999
 5 28 2015 12 13 20 0  31.5982167 -64.3490333      9.33400      0.13000  1.82     0.97200  1.05 311.35 10 4 -99.99999 -99.99999 999
 5 28 2015 13 14  8 0  31.5986000 -64.3595500     15.65800     -0.32000  1.54     1.47600  0.86 299.04 11 4 -99.99999 -99.99999 999
 5 28 2015 14 12 55 0  31.5930333 -64.3696667      5.90800     -0.45000  1.50     3.60000  0.81 166.74 11 4 -99.99999 -99.99999 999
 5 28 2015 15 12 42 0  31.5885667 -64.3795333      6.27100     -0.77000  1.84     3.16800  1.00  20.83  6 4 -99.99999 -99.99999 999
 5 28 2015 16 12 30 0  31.5836000 -64.3887167      5.85700     -0.94000  1.12     1.54800  0.82  93.88 11 4 -99.99999 -99.99999 999
 5 28 2015 17 12 17 0  31.5786000 -64.3983167      5.32600     -0.29000  1.71     2.19600  1.14 333.52  9 4 -99.99999 -99.99999 999
 5 28 2015 18 12  5 0  31.5743167 -64.4074833      3.35400     -0.12000  1.35     1.36800  0.93 193.91  9 4 -99.99999 -99.99999 999
 5 28 2015 19 11 52 0  31.5705833 -64.4164000      4.93800      0.17000  1.35     2.84400  0.75 182.75 12 4 -99.99999 -99.99999 999
 5 28 2015 20 11 40 0  31.5669333 -64.4251500      4.77900      0.02000  1.12     1.90800  0.80 305.37 12 4 -99.99999 -99.99999 999
 5 28 2015 21 11 27 0  31.5635833 -64.4330333      4.17000     -0.45000  1.13     1.69200  0.86 132.66 12 4 -99.99999 -99.99999 999
 5 28 2015 22 11 15 0  31.5594167 -64.4410000      8.16400     -0.30000  1.41     3.31200  0.89   8.33 12 4 -99.99999 -99.99999 999
 5 28 2015 23 11  2 0  31.5547000 -64.4482500     10.11900     -0.74000  2.19     3.85200  1.16 131.88  7 4 -99.99999 -99.99999 999
 5 29 2015  0 10 49 0  31.5495167 -64.4569333      7.33000      0.66000  1.08     1.76400  0.89 265.13 12 4 -99.99999 -99.99999 999
 5 29 2015  1 11  9 0  31.5431333 -64.4755333      2.11900      0.66000  1.37     4.06800  0.78 268.59 11 4 -99.99999 -99.99999 999
 5 29 2015  2 10 52 0  31.5360667 -64.4950000      4.17400     -0.46000  1.20     2.01600  0.82 256.17 12 4 -99.99999 -99.99999 999
 5 29 2015  3 12 43 0  31.5268833 -64.5151833     -0.09700     -0.43000  1.15     2.55600  0.73 222.13 13 4 -99.99999 -99.99999 999
 5 29 2015  4 11 25 0  31.5192167 -64.5347333      0.20000     -0.14000  1.20     1.94400  0.88 252.17 10 4 -99.99999 -99.99999 999
 5 29 2015  5 10  8 0  31.5131667 -64.5553500      1.58200      0.49000  1.31     0.39600  0.89 263.94 12 4 -99.99999 -99.99999 999
 5 29 2015  6  9 35 0  31.5075000 -64.5759333      2.08900      0.09000  1.66     1.98000  1.28 248.77  9 4 -99.99999 -99.99999 999
 5 29 2015  7 10 10 0  31.5041667 -64.5955333     -0.34500      0.97000  1.75     2.91600  0.87 238.69 11 4 -99.99999 -99.99999 999
 5 29 2015  8  9 35 0  31.5004667 -64.6158333      4.20700     -0.36000  1.61     3.16800  0.90 249.89 10 4 -99.99999 -99.99999 999
 5 29 2015  9  9 18 0  31.4959500 -64.6353667      1.93300     -0.08000  1.18     0.97200  0.79 232.45 11 4 -99.99999 -99.99999 999
 5 29 2015 10  8 45 0  31.4902667 -64.6541333      5.24100     -0.09000  2.04     8.71200  0.94 266.00 10 4 -99.99999 -99.99999 999
 5 29 2015 11  8 33 0  31.4848667 -64.6716500      3.87100     -0.06000  1.04     2.95200  0.74 197.42 12 4 -99.99999 -99.99999 999
 5 29 2015 12  8 20 0  31.4823333 -64.6914833     -1.38400     -0.20000  1.38     0.36000  0.92 214.33 11 4 -99.99999 -99.99999 999
 5 29 2015 13  8  8 0  31.4801833 -64.7105333      0.18100     -0.18000  1.55     2.08800  0.86 297.89 11 4 -99.99999 -99.99999 999
 5 29 2015 14  8 37 0  31.4778333 -64.7300500     -0.22700     -0.09000  1.50     1.87200  0.81 224.53 11 4 -99.99999 -99.99999 999
 5 29 2015 15  7 43 0  31.4759500 -64.7476000      1.86400     -0.29000  1.39     3.45600  0.80 245.92 11 4 -99.99999 -99.99999 999
 5 29 2015 16  7 30 0  31.4763333 -64.7652167      1.39800      0.43000  1.12     0.32400  0.80 269.06 12 4 -99.99999 -99.99999 999
 5 29 2015 17  9 21 0  31.4773667 -64.7833833      0.06100      0.51000  1.61     2.91600  0.94 260.94 10 4 -99.99999 -99.99999 999
 5 29 2015 18  7  5 0  31.4781167 -64.8009333      2.58800     -0.44000  1.32     2.66400  0.82 302.69 12 4 -99.99999 -99.99999 999
 5 29 2015 19  6 52 0  31.4784667 -64.8207667      1.42200     -0.11000  1.34     2.16000  0.73 265.67 13 4 -99.99999 -99.99999 999
 5 29 2015 20  8  9 0  31.4776167 -64.8374833      2.74800      0.61000  1.12     2.77200  0.80 218.74 12 4 -99.99999 -99.99999 999
 5 29 2015 21  6 27 0  31.4745167 -64.8493333      2.53500      0.26000  1.23     2.91600  0.97 244.96 11 4 -99.99999 -99.99999 999
 5 29 2015 22  6 14 0  31.4696000 -64.8597500      4.23300      0.58000  1.39     2.95200  0.86 181.49 13 4 -99.99999 -99.99999 999
 5 29 2015 23  6 54 0  31.4644667 -64.8689500      1.55500     -0.15000  1.51     1.65600  1.11 250.94 11 4 -99.99999 -99.99999 999
 5 30 2015  0  6 12 0  31.4581000 -64.8779000      4.88100      0.09000  1.07     1.65600  0.89 185.71 12 4 -99.99999 -99.99999 999
 5 30 2015  1  5 36 0  31.4515167 -64.8881167      1.79500      0.30000  1.36     2.30400  0.78 240.64 11 4 -99.99999 -99.99999 999
 5 30 2015  2  5 24 0  31.4432000 -64.8989167      3.23200      0.15000  1.33     2.44800  0.86 231.00 10 4 -99.99999 -99.99999 999
 5 30 2015  3  5 41 0  31.4352000 -64.9094000      0.29800      0.61000  1.31     0.43200  0.83 251.97 12 4 -99.99999 -99.99999 999
 5 30 2015  4 14 12 0  31.4251000 -64.9213833      0.21100     -0.46000  1.13     2.26800  0.75 214.73 13 4 -99.99999 -99.99999 999
 5 30 2015  5  4 46 0  31.4164667 -64.9304333     -0.17300      0.22000  1.60     1.72800  0.94 187.30 11 4 -99.99999 -99.99999 999
 5 30 2015  6  4 34 0  31.4074667 -64.9411500      0.56700      0.01000  1.66     2.52000  1.27 191.97  9 4 -99.99999 -99.99999 999
 5 30 2015  7  4 21 0  31.3981167 -64.9521333      1.04400      0.00000  1.21     2.41200  0.80 214.98 11 4 -99.99999 -99.99999 999
 5 30 2015  8  7  2 0  31.3883500 -64.9658667      2.32600     -0.06000  1.59     3.38400  0.94 247.66  9 4 -99.99999 -99.99999 999
 5 30 2015  9  3 56 0  31.3800167 -64.9803333      1.96100     -0.74000  1.17     2.05200  0.79 204.55 11 4 -99.99999 -99.99999 999
 5 30 2015 10  4  6 0  31.3714333 -64.9971000      4.68400     -0.31000  2.03     3.24000  0.94 225.38 10 4 -99.99999 -99.99999 999
 5 30 2015 11  3 31 0  31.3643000 -65.0158333      2.42700     -0.01000  1.04     3.38400  0.74 248.42 12 4 -99.99999 -99.99999 999
 5 30 2015 12  3 18 0  31.3577333 -65.0319500      0.72000      0.49000  1.39     2.16000  0.96 165.08 10 4 -99.99999 -99.99999 999
 5 30 2015 13  3 40 0  31.3521500 -65.0487667      1.52800     -0.12000  1.59     2.37600  0.95 265.10  9 4 -99.99999 -99.99999 999
 5 30 2015 14  2 53 0  31.3467667 -65.0659500     -0.83900      0.04000  1.51     1.54800  0.85 278.24  9 4 -99.99999 -99.99999 999
 5 30 2015 15  2 40 0  31.3426833 -65.0844333      0.64200     -0.45000  1.38     3.74400  0.80 268.37 11 4 -99.99999 -99.99999 999
 5 30 2015 16  2 27 0  31.3385500 -65.1025500      0.07700     -0.07000  1.01     0.68400  0.71 262.71 13 4 -99.99999 -99.99999 999
 5 30 2015 17  2 14 0  31.3359500 -65.1202000      1.56800     -0.12000  1.61     3.16800  0.93 268.30 10 4 -99.99999 -99.99999 999
 5 30 2015 18  2  2 0  31.3331833 -65.1370500      2.87600      0.06000  1.31     2.12400  0.81 265.35 12 4 -99.99999 -99.99999 999
 5 30 2015 19  3 37 0  31.3315667 -65.1546333      0.26100     -0.28000  1.34     2.44800  0.73 306.54 13 4 -99.99999 -99.99999 999
 5 30 2015 20  1 36 0  31.3319833 -65.1706500      0.74100      0.47000  1.14     1.08000  0.82 253.72 11 4 -99.99999 -99.99999 999
 5 30 2015 21  2 18 0  31.3334500 -65.1870500      2.27500     -0.62000  1.23     3.49200  0.97 278.83 11 4 -99.99999 -99.99999 999
 5 30 2015 22  1 10 0  31.3341833 -65.2015000     -0.24300     -0.26000  1.41     2.34000  0.87 286.23 12 4 -99.99999 -99.99999 999
 5 30 2015 23  1 19 0  31.3360500 -65.2139500      0.96600     -0.26000  1.53     3.42000  1.10 275.40 11 4 -99.99999 -99.99999 999
 5 31 2015  0  0 44 0  31.3371667 -65.2226167      0.79500     -0.01000  1.07     2.23200  0.89 335.07 12 4 -99.99999 -99.99999 999
 5 31 2015  1  2 52 0  31.3372667 -65.2284667      0.49200     -0.23000  1.37     2.84400  0.78 250.04 11 4 -99.99999 -99.99999 999
 5 31 2015  2  0 19 0  31.3356000 -65.2335500     -0.71300      0.59000  1.34     0.57600  0.86 265.57 10 4 -99.99999 -99.99999 999
 5 31 2015  3  0  7 0  31.3320667 -65.2402000      2.33600     -0.04000  1.31     1.04400  0.85 250.21 11 4 -99.99999 -99.99999 999
 5 31 2015  3 59 54 0  31.3262167 -65.2457833      3.75500     -0.01000  1.29     4.35600  0.70 244.92 12 4 -99.99999 -99.99999 999
 5 31 2015  5  0 43 0  31.3192000 -65.2513167     -0.61300      0.72000  1.34     0.36000  0.93 211.98 11 4 -99.99999 -99.99999 999
 5 31 2015  6  2  8 0  31.3113000 -65.2606333      0.99900      0.09000  1.47     1.33200  1.00 248.64 10 4 -99.99999 -99.99999 999
 5 31 2015  6 59 17 0  31.3043167 -65.2709000     -0.11700     -0.07000  1.21     0.64800  0.77 250.23 11 4 -99.99999 -99.99999 999
 5 31 2015  8  1 32 0  31.2979333 -65.2834500     -1.10800      0.35000  1.60     1.40400  0.94 243.10  9 4 -99.99999 -99.99999 999
 5 31 2015  8 59 21 0  31.2931500 -65.2960167      0.93600      0.09000  1.18     2.37600  0.88 226.35  9 4 -99.99999 -99.99999 999
 5 31 2015  9 58 58 0  31.2885833 -65.3100500      2.80100     -0.29000  2.03     4.10400  0.94 249.39 10 4 -99.99999 -99.99999 999
 5 31 2015 10 58 27 0  31.2842333 -65.3246500      1.06900     -0.31000  1.05     3.56400  0.74 240.43 12 4 -99.99999 -99.99999 999
 5 31 2015 11 58 14 0  31.2794500 -65.3390333      1.44100      0.01000  1.40     2.91600  0.93 253.03 11 4 -99.99999 -99.99999 999
 5 31 2015 12 58  2 0  31.2755667 -65.3536833      0.95300     -0.68000  1.69     2.59200  0.91 291.22 10 4 -99.99999 -99.99999 999
 5 31 2015 13 57 49 0  31.2723500 -65.3672500     -0.40800     -0.04000  1.51     2.34000  0.82 243.66 10 4 -99.99999 -99.99999 999
 5 31 2015 15  0 54 0  31.2691500 -65.3826000     -0.17300      0.06000  1.49     2.16000  0.81 161.63 10 4 -99.99999 -99.99999 999
 5 31 2015 15 57 23 0  31.2673667 -65.3979833      1.34000      0.39000  1.02     0.86400  0.71 238.73 13 4 -99.99999 -99.99999 999
 5 31 2015 16 57 11 0  31.2646500 -65.4158667     -0.15100      0.39000  1.61     1.04400  0.93 263.48 10 4 -99.99999 -99.99999 999
 5 31 2015 17 57 17 0  31.2641167 -65.4369833     -0.07200      0.16000  1.30     2.44800  0.81 265.55 12 4 -99.99999 -99.99999 999
 5 31 2015 18 57 26 0  31.2662500 -65.4590500     -1.78900     -0.05000  1.36     1.83600  0.74 282.55 12 4 -99.99999 -99.99999 999
 5 31 2015 19 56 32 0  31.2707167 -65.4813500      0.55900      0.11000  1.15     3.42000  0.80 274.31 12 4 -99.99999 -99.99999 999
 5 31 2015 20 56 19 0  31.2755833 -65.5037667      0.80600     -0.12000  1.22     0.50400  0.97 302.60 11 4 -99.99999 -99.99999 999
 5 31 2015 21 56  6 0  31.2802500 -65.5249833      3.32800      0.17000  1.38     0.72000  0.86 292.38 13 4 -99.99999 -99.99999 999
 5 31 2015 22 55 53 0  31.2852000 -65.5460333      1.05000      0.06000  1.39     1.90800  0.99 275.98 12 4 -99.99999 -99.99999 999
 5 31 2015 23 55 40 0  31.2911333 -65.5660833      1.49800     -0.07000  1.10     1.69200  0.90 274.48 11 4 -99.99999 -99.99999 999
 6  1 2015  0 55 27 0  31.2976833 -65.5853833      4.28500      0.25000  1.35     1.58400  0.78 296.75 11 4 -99.99999 -99.99999 999
 6  1 2015  1 59  9 0  31.3043167 -65.6047333     -1.51900      0.20000  1.54     1.90800  0.98 289.17  9 4 -99.99999 -99.99999 999
 6  1 2015  2 55  2 0  31.3102667 -65.6201333      3.02700      0.40000  1.30     1.69200  0.85 271.67 11 4 -99.99999 -99.99999 999
 6  1 2015  3 54 50 0  31.3154667 -65.6354667      2.62900     -0.12000  1.39     3.20400  1.13 306.29 10 4 -99.99999 -99.99999 999
 6  1 2015  4 54 37 0  31.3190333 -65.6490333      1.88400      0.31000  1.02     0.75600  0.86 278.78 11 4 -99.99999 -99.99999 999
 6  1 2015  5 54 25 0  31.3222667 -65.6621500      0.68000      0.45000  1.53     2.30400  1.06 297.54  9 4 -99.99999 -99.99999 999
 6  1 2015  6 55 10 0  31.3262167 -65.6745000     -1.30900      0.31000  1.76     1.18800  0.91   3.26 10 4 -99.99999 -99.99999 999
 6  1 2015  7 55  4 0  31.3292500 -65.6858167      0.40800     -0.32000  1.63     0.93600  0.98 291.98  8 4 -99.99999 -99.99999 999
 6  1 2015  8 54  9 0  31.3307667 -65.6961167      1.47500      0.01000  1.17     2.41200  0.88 270.79  9 4 -99.99999 -99.99999 999
 6  1 2015  9 53 34 0  31.3341833 -65.7060333      2.64500     -0.16000  1.77     2.41200  0.97 337.31 10 4 -99.99999 -99.99999 999
 6  1 2015 10 53 22 0  31.3358500 -65.7130833      2.87600     -0.03000  1.22     1.08000  0.80 278.10  9 4 -99.99999 -99.99999 999
 6  1 2015 11 55 17 0  31.3379833 -65.7220500     -0.11600      0.05000  1.60     1.22400  1.27 286.74  8 4 -99.99999 -99.99999 999
 6  1 2015 12 52 56 0  31.3403500 -65.7304000      3.40000     -0.02000  1.63     0.93600  0.93 312.59  9 4 -99.99999 -99.99999 999
 6  1 2015 13 55 21 0  31.3427833 -65.7372500      1.68100      0.46000  1.51     0.46800  0.85 290.04  9 4 -99.99999 -99.99999 999
 6  1 2015 14 52 31 0  31.3448333 -65.7434833      0.98400      0.34000  1.38     0.90000  0.82 276.41 10 4 -99.99999 -99.99999 999
 6  1 2015 15 52 18 0  31.3458667 -65.7509333      2.16900     -0.39000  1.04     3.45600  0.72 272.46 12 4 -99.99999 -99.99999 999
 6  1 2015 16 52 47 0  31.3467833 -65.7586667     -1.52500      0.02000  1.61     1.98000  0.96 293.47  9 4 -99.99999 -99.99999 999
 6  1 2015 17 51 53 0  31.3472667 -65.7667500     -0.45100     -0.06000  1.30     1.18800  0.83 329.43 11 4 -99.99999 -99.99999 999
 6  1 2015 18 51 39 0  31.3492333 -65.7748333     -3.15200      0.01000  1.34     0.54000  0.75 305.52 12 4 -99.99999 -99.99999 999
 6  1 2015 19 51 26 0  31.3524833 -65.7795833     -1.81600     -0.07000  1.16     1.54800  0.82 317.12 11 4 -99.99999 -99.99999 999
 6  1 2015 20 51 13 0  31.3544667 -65.7828500      0.38300     -0.02000  1.20     1.29600  0.94 208.38 10 4 -99.99999 -99.99999 999
 6  1 2015 21 51  0 0  31.3551333 -65.7840667     -1.85500      0.18000  1.39     0.93600  0.87 199.51 12 4 -99.99999 -99.99999 999
 6  1 2015 22 50 47 0  31.3557167 -65.7861667      1.49800     -0.18000  1.42     0.93600  1.04 285.20 10 4 -99.99999 -99.99999 999
 6  1 2015 23 52 24 0  31.3539833 -65.7932667      0.72200     -0.04000  1.11     2.34000  1.07 271.10 10 4 -99.99999 -99.99999 999
 6  2 2015  0 50 22 0  31.3538167 -65.8019500      4.34700     -0.05000  1.36     0.86400  0.87 284.28  9 4 -99.99999 -99.99999 999
 6  2 2015  1 50  9 0  31.3562000 -65.8087333     -0.84600     -0.09000  1.34     0.68400  0.86 343.82 10 4 -99.99999 -99.99999 999
 6  2 2015  2 50 19 0  31.3588000 -65.8171333      1.20100     -0.11000  1.14     0.21600  0.74 315.46 12 4 -99.99999 -99.99999 999
 6  2 2015  3 59 43 0  31.3630167 -65.8277500     -1.45200      0.26000  1.17     1.54800  0.78 308.54 11 4 -99.99999 -99.99999 999
 6  2 2015  4 49 32 0  31.3668667 -65.8365500     -2.06400      0.39000  1.03     0.64800  0.83 277.94 12 4 -99.99999 -99.99999 999
 6  2 2015  5 50 11 0  31.3704167 -65.8470833     -1.96400      0.18000  1.67     1.94400  1.24 278.73  8 4 -99.99999 -99.99999 999
 6  2 2015  6 49  7 0  31.3740000 -65.8552500     -1.41800     -0.02000  1.20     1.62000  0.77 113.31 11 4 -99.99999 -99.99999 999
 6  2 2015  7 48 55 0  31.3766500 -65.8647500     -0.57500      0.16000  1.66     0.54000  0.98 278.19  8 4 -99.99999 -99.99999 999
 6  2 2015  8 48 43 0  31.3778500 -65.8738667      0.46100      0.20000  1.17     1.26000  0.88 296.21  9 4 -99.99999 -99.99999 999
 6  2 2015  9 48 31 0  31.3813000 -65.8823667     -2.55800      0.45000  1.79     0.18000  1.03 283.22  9 4 -99.99999 -99.99999 999
 6  2 2015 10 48 19 0  31.3851833 -65.8897500      1.16800      0.06000  1.06     1.69200  0.79 301.90 10 4 -99.99999 -99.99999 999
 6  2 2015 11 48  7 0  31.3886667 -65.8984167      1.76600     -0.14000  1.47     0.68400  1.05 281.44  9 4 -99.99999 -99.99999 999
 6  2 2015 12 47 54 0  31.3936333 -65.9067167     -0.20500      0.07000  1.60     0.57600  0.91 343.22 10 4 -99.99999 -99.99999 999
 6  2 2015 13 48  9 0  31.3994833 -65.9164333      0.43400     -0.09000  1.52     1.44000  0.85 290.84  9 4 -99.99999 -99.99999 999
 6  2 2015 14 47 36 0  31.4034500 -65.9252333     -0.69900      0.17000  1.36     1.22400  0.82 314.58 10 4 -99.99999 -99.99999 999
 6  2 2015 15 47 15 0  31.4095667 -65.9333000      2.15300      0.01000  1.02     2.19600  0.71 307.36 13 4 -99.99999 -99.99999 999
 6  2 2015 16 47 47 0  31.4155333 -65.9412667      0.39400      0.03000  1.78     1.54800  1.08 318.77  8 4 -99.99999 -99.99999 999
 6  2 2015 17 46 49 0  31.4229833 -65.9454000     -3.43600      0.60000  1.29     1.47600  0.86 330.35 10 4 -99.99999 -99.99999 999
 6  2 2015 18 46 36 0  31.4289500 -65.9513500     -2.12500      0.08000  1.35     0.57600  0.76 281.76 11 4 -99.99999 -99.99999 999
 6  2 2015 19 46 57 0  31.4334833 -65.9576000      3.15200     -0.08000  1.16     0.82800  0.82 357.73 11 4 -99.99999 -99.99999 999
 6  2 2015 20 47 44 0  31.4369000 -65.9664167      0.76400      0.21000  1.11     1.90800  0.86 289.02 12 4 -99.99999 -99.99999 999
 6  2 2015 21 45 56 0  31.4408167 -65.9751000      0.44000      0.04000  1.36     1.72800  0.86 281.18 13 4 -99.99999 -99.99999 999
 6  2 2015 22 45 43 0  31.4450000 -65.9845833     -2.43400     -0.20000  1.41     1.04400  0.99 302.52 12 4 -99.99999 -99.99999 999
 6  2 2015 23 45 30 0  31.4505333 -65.9960167      0.97300     -0.42000  1.03     1.62000  0.95 317.48 12 4 -99.99999 -99.99999 999
 6  3 2015  0 45 17 0  31.4581333 -66.0045500      4.44300     -0.11000  1.35     1.80000  0.87 331.43  9 4 -99.99999 -99.99999 999
 6  3 2015  1 45  4 0  31.4651333 -66.0130333      3.67800     -0.19000  1.34     1.40400  0.90 321.49  9 4 -99.99999 -99.99999 999
 6  3 2015  2 44 52 0  31.4716333 -66.0218667      0.25100     -0.11000  1.29     1.44000  0.85 319.64 11 4 -99.99999 -99.99999 999
 6  3 2015  3 44 39 0  31.4781333 -66.0324333      4.22100     -0.17000  1.28     2.80800  0.70 300.51 12 4 -99.99999 -99.99999 999
